 0.154074E+00 0.956887E+00    
 0.248889E+00 0.921262E+00    
 0.343704E+00 0.896894E+00    
 0.414815E+00 0.885654E+00    
 0.568889E+00 0.863176E+00    
 0.699259E+00 0.838816E+00    
 0.817778E+00 0.816330E+00    
 0.107852E+01 0.754477E+00    
 0.948148E+00 0.790094E+00    
 0.118519E+01 0.730112E+00    
 0.132741E+01 0.698250E+00    
 0.143407E+01 0.668257E+00    
 0.155259E+01 0.643894E+00    
 0.165926E+01 0.617653E+00    
 0.180148E+01 0.585791E+00    
 0.190815E+01 0.559550E+00    
 0.208593E+01 0.523944E+00    
 0.234667E+01 0.475225E+00    
 0.265481E+01 0.420888E+00    
 0.301037E+01 0.364686E+00    
 0.340148E+01 0.314121E+00    
 0.373333E+01 0.276676E+00    
 0.412444E+01 0.242996E+00    
 0.450370E+01 0.213067E+00    
 0.493037E+01 0.183148E+00    
 0.519111E+01 0.170076E+00    
 0.544000E+01 0.157001E+00    
 0.572444E+01 0.145811E+00    
 0.623407E+01 0.127168E+00    
 0.670815E+01 0.108518E+00    
 0.721778E+01 0.955041E-01    
 0.772741E+01 0.843666E-01    
 0.796444E+01 0.825460E-01    
