 0.118111E-01 0.998425E+00    
 0.169291E+00 0.932501E+00    
 0.330709E+00 0.883531E+00    
 0.507874E+00 0.821020E+00    
 0.681102E+00 0.761893E+00    
 0.850394E+00 0.699373E+00    
 0.102362E+01 0.640246E+00    
 0.120866E+01 0.581133E+00    
 0.139370E+01 0.527105E+00    
 0.157480E+01 0.483242E+00    
 0.176378E+01 0.437693E+00    
 0.194488E+01 0.398915E+00    
 0.213386E+01 0.360145E+00    
 0.233071E+01 0.329859E+00    
 0.251575E+01 0.299560E+00    
 0.271260E+01 0.277748E+00    
 0.295276E+01 0.247511E+00    







